030.25 Agg webotsVehicle0 1.9894565303967742 6.7 20.56384 0 WE 0 False 793.3076130081049 1102.3752526383898 838.8392757153593 1134.9739967511935 1 0 51.80094912375587 5.8885177611519905 20.149220853536296 25.906881395917253 245.92398373857824 35.60106094113406 25.906881395917253 24.076016261421756
30.25 Agg webotsVehicle0 1.9894565303967742 6.7 20.56384 0 WE 0 False 793.3076130081049 1102.3752526383898 838.8392757153593 1134.9739967511935 1 0 51.80094912375587 5.8885177611519905 20.149220853536296 25.906881395917253 245.92398373857824 35.60106094113406 25.906881395917253 24.076016261421756
30.3 Agg webotsVehicle0 1.9573076670684075 6.7 20.56384 0 WE 0 False 793.7330221499333 1102.7537535478493 838.535301998213 1134.8452796047604 1 0 50.912625657981366 5.880252279262047 20.131307637752258 25.746390307287868 246.15850547856664 35.61373190816452 25.746390307287868 23.84149452143336
30.3 Agg webotsVehicle0 1.9573076670684075 6.7 20.56384 0 WE 0 False 793.7330221499333 1102.7537535478493 838.535301998213 1134.8452796047604 1 0 50.912625657981366 5.880252279262047 20.131307637752258 25.746390307287868 246.15850547856664 35.61373190816452 25.746390307287868 23.84149452143336
30.35 Agg webotsVehicle0 1.9266921679185103 6.7 20.56384 0 WE 0 False 793.9308832653196 1103.3633796256902 838.2313282810666 1134.7165624583274 1 0 50.07557703427871 5.852720556764337 20.137719363058217 25.58414068626207 246.39579420336162 35.2885574707148 25.58414068626207 23.604205796638382
30.35 Agg webotsVehicle0 1.9266921679185103 6.7 20.56384 0 WE 0 False 793.9308832653196 1103.3633796256902 838.2313282810666 1134.7165624583274 1 0 50.07557703427871 5.852720556764337 20.137719363058217 25.58414068626207 246.39579420336162 35.2885574707148 25.58414068626207 23.604205796638382
30.4 Agg webotsVehicle0 1.8945848632686784 6.7 20.56384 0 WE 0 False 794.3044309695467 1103.8066046218976 837.9273545639201 1134.5878453118944 1 0 49.19219356816315 5.838553838930026 20.12607541673347 25.417180565633412 246.63589088698893 35.207588249212236 25.417180565633412 23.364109113011068
30.4 Agg webotsVehicle0 1.8945848632686784 6.7 20.56384 0 WE 0 False 794.3044309695467 1103.8066046218976 837.9273545639201 1134.5878453118944 1 0 49.19219356816315 5.838553838930026 20.12607541673347 25.417180565633412 246.63589088698893 35.207588249212236 25.417180565633412 23.364109113011068
30.45 Agg webotsVehicle0 1.8631319054315088 6.7 20.56384 0 WE 0 False 794.6768501324008 1104.2239543411674 837.6233808467737 1134.4591281654614 1 0 48.324734611590095 5.824771207293188 20.112595047189956 25.23910335973917 246.87883708442774 35.14627356089473 25.23910335973917 23.121162915572256
30.45 Agg webotsVehicle0 1.8631319054315088 6.7 20.56384 0 WE 0 False 794.6768501324008 1104.2239543411674 837.6233808467737 1134.4591281654614 1 0 48.324734611590095 5.824771207293188 20.112595047189956 25.23910335973917 246.87883708442774 35.14627356089473 25.23910335973917 23.121162915572256
30.5 Agg webotsVehicle0 1.831470728356946 6.7 20.56384 0 WE 0 False 795.0502242112422 1104.6338825256296 837.3194071296273 1134.3304110190284 1 0 47.46082242925252 5.810092847997698 20.10395627897399 25.04210259631494 247.049855271982 35.0902443098529 25.04210259631494 22.95014472801799
30.5 Agg webotsVehicle0 1.831470728356946 6.7 20.56384 0 WE 0 False 795.0502242112422 1104.6338825256296 837.3194071296273 1134.3304110190284 1 0 47.46082242925252 5.810092847997698 20.10395627897399 25.04210259631494 247.049855271982 35.0902443098529 25.04210259631494 22.95014472801799
30.55 Agg webotsVehicle0 1.79895817543802 6.7 20.56384 0 WE 0 False 795.4238829049674 1105.0441231893699 837.0154334124808 1134.2016938725953 1 0 46.59654890112361 5.793636719474694 20.108326726550413 24.818759954904575 247.04985527198303 35.03220489232578 24.818759954904575 22.950144728016966
30.55 Agg webotsVehicle0 1.79895817543802 6.7 20.56384 0 WE 0 False 795.4238829049674 1105.0441231893699 837.0154334124808 1134.2016938725953 1 0 46.59654890112361 5.793636719474694 20.108326726550413 24.818759954904575 247.04985527198303 35.03220489232578 24.818759954904575 22.950144728016966
30.6 Agg webotsVehicle0 1.7601947802230238 6.7 20.56384 0 WE 0 False 795.8903434585005 1105.5903790223133 836.7114596953344 1134.0729767261623 1 0 45.578357763461305 5.776101992559902 20.117826495108005 24.648643787140106 247.049855271982 34.90509091402722 24.648643787140106 22.95014472801799
30.6 Agg webotsVehicle0 1.7601947802230238 6.7 20.56384 0 WE 0 False 795.8903434585005 1105.5903790223133 836.7114596953344 1134.0729767261623 1 0 45.578357763461305 5.776101992559902 20.117826495108005 24.648643787140106 247.049855271982 34.90509091402722 24.648643787140106 22.95014472801799
30.65 Agg webotsVehicle0 1.726883692767493 6.7 20.56384 0 WE 0 False 796.1940541520293 1106.0955900798178 836.4074859781879 1133.9442595797293 1 0 44.717552503188216 5.7622478959460794 20.132693778744326 24.617300296959748 247.04985527198792 34.703437137477145 24.617300296959748 22.950144728012077
30.65 Agg webotsVehicle0 1.726883692767493 6.7 20.56384 0 WE 0 False 796.1940541520293 1106.0955900798178 836.4074859781879 1133.9442595797293 1 0 44.717552503188216 5.7622478959460794 20.132693778744326 24.617300296959748 247.04985527198792 34.703437137477145 24.617300296959748 22.950144728012077
30.7 Agg webotsVehicle0 1.6948625104655741 6.7 20.56384 0 WE 0 False 796.4963098103735 1106.5983807422558 836.1035122610415 1133.8155424332963 1 0 43.85994481927492 5.730442447312518 20.147730294396613 24.295820993092885 247.04985527198792 34.495957397746714 24.295820993092885 22.950144728012077
30.7 Agg webotsVehicle0 1.6948625104655741 6.7 20.56384 0 WE 0 False 796.4963098103735 1106.5983807422558 836.1035122610415 1133.8155424332963 1 0 43.85994481927492 5.730442447312518 20.147730294396613 24.295820993092885 247.04985527198792 34.495957397746714 24.295820993092885 22.950144728012077
30.75 Agg webotsVehicle0 1.6526667805684585 6.7 20.56384 0 WE 0 False 796.9120778483534 1107.3755773077276 835.7995385438951 1133.686825286863 1 0 42.75491934473438 5.693337901492433 20.176922121540287 24.10242381476889 247.049855271982 34.08227387551489 24.10242381476889 22.95014472801799
30.75 Agg webotsVehicle0 1.6526667805684585 6.7 20.56384 0 WE 0 False 796.9120778483534 1107.3755773077276 835.7995385438951 1133.686825286863 1 0 42.75491934473438 5.693337901492433 20.176922121540287 24.10242381476889 247.049855271982 34.08227387551489 24.10242381476889 22.95014472801799
30.8 Agg webotsVehicle0 1.6237166143812907 6.7 20.56384 0 WE 0 False 797.0665563641201 1107.9467412936542 835.4955648267486 1133.55810814043 1 0 41.98414026312802 5.652637794939734 20.204177299069677 23.848655482375076 247.04985527198303 33.68183793081483 23.848655482375076 22.950144728016966
30.8 Agg webotsVehicle0 1.6237166143812907 6.7 20.56384 0 WE 0 False 797.0665563641201 1107.9467412936542 835.4955648267486 1133.55810814043 1 0 41.98414026312802 5.652637794939734 20.204177299069677 23.848655482375076 247.04985527198303 33.68183793081483 23.848655482375076 22.950144728016966
30.85 Agg webotsVehicle0 1.5954801336089879 6.7 20.56384 0 WE 0 False 797.2213579973345 1108.5190999638287 835.1915911096022 1133.429390993997 1 0 41.214767922596636 5.600818484802543 20.231385285336874 23.447371092420077 247.04985527198303 33.26679275447967 23.447371092420077 22.950144728016966
30.85 Agg webotsVehicle0 1.5954801336089879 6.7 20.56384 0 WE 0 False 797.2213579973345 1108.5190999638287 835.1915911096022 1133.429390993997 1 0 41.214767922596636 5.600818484802543 20.231385285336874 23.447371092420077 247.04985527198303 33.26679275447967 23.447371092420077 22.950144728016966
30.9 Agg webotsVehicle0 1.5678581097120503 6.7 20.56384 0 WE 0 False 797.3760887996888 1109.0911967462177 834.8876173924558 1133.300673847564 1 0 40.448062126181355 5.539894398956182 20.25839810954764 22.938796079658562 247.049855271982 32.83769835915356 22.938796079658562 22.95014472801799
30.9 Agg webotsVehicle0 1.5678581097120503 6.7 20.56384 0 WE 0 False 797.3760887996888 1109.0911967462177 834.8876173924558 1133.300673847564 1 0 40.448062126181355 5.539894398956182 20.25839810954764 22.938796079658562 247.049855271982 32.83769835915356 22.938796079658562 22.95014472801799
30.95 Agg webotsVehicle0 1.5405500414163837 6.7 20.56384 0 WE 0 False 797.5313454810706 1109.6652378971162 834.5836436753093 1133.171956701131 1 0 39.68246207844221 5.473370827794433 20.285261486387387 22.385894535994105 247.04985527198303 32.39185860605546 22.385894535994105 22.950144728016966
30.95 Agg webotsVehicle0 1.5405500414163837 6.7 20.56384 0 WE 0 False 797.5313454810706 1109.6652378971162 834.5836436753093 1133.171956701131 1 0 39.68246207844221 5.473370827794433 20.285261486387387 22.385894535994105 247.04985527198303 32.39185860605546 22.385894535994105 22.950144728016966
31.0 Agg webotsVehicle0 1.5124755066288404 6.7 20.56384 0 WE 0 False 797.6804626212191 1110.3082865140761 834.2796699581629 1133.043239554698 1 0 38.888371047211294 5.395369179423239 20.316366896151077 21.78919259224664 247.049855271982 31.84801414372524 21.78919259224664 22.95014472801799
31.05 Agg webotsVehicle0 1.4870014420845508 6.7 20.56384 0 WE 0 False 797.7858825181532 1110.8896462398154 833.9756962410165 1132.914522408265 1 0 38.16769561665599 5.322972781524243 20.344585121547233 21.281147894951708 247.049855271982 31.324411420926154 21.281147894951708 22.95014472801799
31.1 Agg webotsVehicle0 1.4615189143445275 6.7 20.56384 0 WE 0 False 797.8915762409488 1111.4725160346438 833.67172252387 1132.785805261832 1 0 37.44967246379267 5.2517355437476585 20.372067265939805 20.83248184933679 247.04985527198303 30.78114140997537 20.83248184933679 22.950144728016966
31.15 Agg webotsVehicle0 1.4364310311076982 6.7 20.56384 0 WE 0 False 797.9981608006361 1112.0602985329201 833.3677488067236 1132.657088115399 1 0 36.732282578681435 5.173084848360408 20.39882343209179 20.3294953660824 247.049855271982 30.213547800746326 20.3294953660824 22.95014472801799
31.2 Agg webotsVehicle0 1.4107125936553233 6.7 20.56384 0 WE 0 False 798.1059478272335 1112.654712282538 833.0637750895771 1132.5283709689659 1 0 36.014729460054106 5.104730466200828 20.42472863271859 20.01359524750081 247.04985527198303 29.618396118505498 20.01359524750081 22.950144728016966
31.25 Agg webotsVehicle0 1.3867947593775567 6.7 20.56384 0 WE 0 False 798.2137286534827 1113.249091839059 832.7598013724307 1132.3996538225329 1 0 35.30169447372362 5.006355606255236 20.44924568947528 19.348172535332214 247.04985527198792 29.001726918318045 19.348172535332214 22.950144728012077
31.3 Agg webotsVehicle0 1.3635332379085503 6.7 20.56384 0 WE 0 False 798.2967854555679 1113.9118581716148 832.4558276552843 1132.2709366760996 1 0 34.58273882304223 4.886870647023477 20.475722549521418 18.57855152316119 247.049855271982 28.256198996704484 18.57855152316119 22.95014472801799
31.35 Agg webotsVehicle0 1.3479496268118412 6.7 20.56384 0 WE 0 False 798.2402067601507 1114.4764151541478 832.1489400745365 1132.1503866290693 1 0 34.040992448230085 4.7616086891210125 20.492296776726068 17.761400860070818 247.25123848408316 27.529508569112075 17.761400860070818 22.74876151591684
31.4 Agg webotsVehicle0 1.333079168204713 6.7 20.56384 0 WE 0 False 798.1831762957478 1115.0454800054727 831.8417819227653 1132.0305949498784 1 0 33.504045753669836 4.625485551044483 20.50733968002598 16.882637603673743 247.47140934032043 26.77684454597995 16.882637603673743 22.528590659679566
31.45 Agg webotsVehicle0 1.3189868643643927 6.7 20.56384 0 WE 0 False 798.1255640100134 1115.6203504218233 831.534623770994 1131.9108032706877 1 0 32.97177046634182 4.476495091705023 20.521305384670917 15.929044364003987 247.69166574544442 25.99413339047492 15.929044364003987 22.308334254555575
31.5 Agg webotsVehicle0 1.3057712902886214 6.7 20.56384 0 WE 0 False 798.0675149860084 1116.1995787265682 831.2274656192228 1131.791011591497 1 0 32.44517313304074 4.31365875585527 20.533857324751168 14.895606698596564 247.91200123587655 25.182377688997416 14.895606698596564 22.087998764123455
31.55 Agg webotsVehicle0 1.2936557282879175 6.7 20.56384 0 WE 0 False 798.0095993137786 1116.777476412513 830.9203074674516 1131.671219912306 1 0 31.926571602283374 4.134785908202891 20.544555669433414 13.757882102491077 248.13240933403918 24.34913335771484 13.757882102491077 21.86759066596082
31.6 Agg webotsVehicle0 1.2827686495224384 6.7 20.56384 0 WE 0 False 797.9520399154845 1117.3518191041865 830.6131493156803 1131.5514282331153 1 0 31.416922144324495 3.938375519977386 20.55311961908818 12.504988221093347 248.35288354950805 23.497277354790803 12.504988221093347 21.64711645049195
31.65 Agg webotsVehicle0 1.29720668101266 6.7 20.1168 0 WE 0 False 797.8948575237683 1117.9223999258763 830.3099337909318 1131.4331741784633 1 0 30.920702511257588 3.7239646646783244 20.11240849300496 11.140280467742988 248.57058629698574 22.626630693145753 11.140280467742988 21.429413703014262
31.7 Agg webotsVehicle0 1.340698706762945 6.7 19.22272 0 WE 0 False 797.85 1118.37 830.0146035202288 1131.3179953728893 1 0 30.475575071167377 3.5095254577009256 19.221588488660107 9.660695733920726 248.6942163821737 21.92745631739602 9.660695733920726 21.305783617826307
31.75 Agg webotsVehicle0 1.3394043752501106 6.7 19.22272 0 WE 0 False 797.7153913168871 1118.8082608287395 829.7271585035712 1131.2058918163928 1 0 30.13126674156898 3.273352879650723 19.222666469205357 8.07542069377802 248.69421638216878 21.170566350076573 8.07542069377802 21.305783617831224
31.8 Agg webotsVehicle0 1.368290337617519 6.7 18.77568 0 WE 0 False 797.5567838749965 1119.3246571511738 829.447598740959 1131.0968635089741 1 0 29.79689003738595 3.0041710507451542 18.7725595291613 6.378863968115521 248.6942163821737 20.26116954542834 6.378863968115521 21.305783617826307
31.85 Agg webotsVehicle0 1.401583953646281 6.7 18.32864 0 WE 0 False 797.398485106159 1119.8400484915755 829.1759242323925 1130.990910450633 1 0 29.479746155192174 2.7153527394173524 18.317811972906405 4.572230391061675 248.69421638216878 19.336226592672713 4.572230391061675 21.305783617831224
31.9 Agg webotsVehicle0 1.4718825693372868 6.7 17.43456 0 WE 0 False 797.2410446372907 1120.3526453669606 828.9121349778713 1130.8880326413698 1 0 29.18006450309042 2.412856099293546 17.412138850017328 2.7083402044823113 248.69421638217275 18.399703187352852 2.7083402044823113 21.305783617827245
31.95 Agg webotsVehicle0 1.5170550120819566 6.7 16.98752 0 WE 0 False 797.0847424054728 1120.861536354275 828.6562309773956 1130.7882300811843 1 0 28.89793054221051 2.099551819582615 16.949151300650275 0.8080275726215923 248.6942163821737 17.454167856613704 0.8080275726215923 21.305783617826307
32.0 Agg webotsVehicle0 1.5638375475816697 6.7 16.54048 0 WE 0 False 796.990268388099 1121.1691261782823 828.4082122309654 1130.6915027700766 1 0 28.63194044041296 1.8180262019013338 16.490742816139967 358.8830640552618 248.6942163821737 16.86138443821997 1.1169359447382021 21.305783617826307
32.05 Agg webotsVehicle0 1.6240307425070921 6.7 16.09344 0 WE 0 False 796.7818748006325 1121.643200080154 828.1680787385807 1130.5978507080465 1 0 28.44126253473611 1.4902708468679302 16.0224903283485 356.9279802891352 248.6942163821737 15.923729448136982 3.072019710864822 21.305783617826307
32.05 Agg webotsVehicle0 1.6240307425070921 6.7 16.09344 0 WE 0 False 796.7818748006325 1121.643200080154 828.1680787385807 1130.5978507080465 1 0 28.44126253473611 1.4902708468679302 16.0224903283485 356.9279802891352 248.6942163821737 15.923729448136982 3.072019710864822 21.305783617826307
32.1 Agg webotsVehicle0 1.6918837233598971 6.7 15.6464 0 WE 0 False 796.5767909516121 1122.1094852493197 827.9358305002414 1130.5072738950942 1 0 28.266655931440155 1.1557199444530206 15.55148962388874 354.9411975396514 248.6942163821737 14.991747790015966 5.058802460348602 21.305783617826307
32.1 Agg webotsVehicle0 1.6918837233598971 6.7 15.6464 0 WE 0 False 796.5767909516121 1122.1094852493197 827.9358305002414 1130.5072738950942 1 0 28.266655931440155 1.1557199444530206 15.55148962388874 354.9411975396514 248.6942163821737 14.991747790015966 5.058802460348602 21.305783617826307
32.15 Agg webotsVehicle0 1.818911318535156 6.7 14.75232 0 WE 0 False 796.3739389208655 1122.5706960853954 827.7114675159476 1130.4197723312195 1 0 28.108193866865882 0.8187453900305023 14.634560980893928 352.95760814010987 248.69421638216878 14.061526194835677 7.042391859890131 21.305783617831224
32.15 Agg webotsVehicle0 1.818911318535156 6.7 14.75232 0 WE 0 False 796.3739389208655 1122.5706960853954 827.7114675159476 1130.4197723312195 1 0 28.108193866865882 0.8187453900305023 14.634560980893928 352.95760814010987 248.69421638216878 14.061526194835677 7.042391859890131 21.305783617831224
32.2 Agg webotsVehicle0 1.677826560357838 6.7 14.30528 0 WE 0 False 799.7128225634282 1124.6440726168007 827.4949897856992 1130.3353460164226 1 0 24.161756855063103 0.3010740182482861 14.099554405413103 350.9984654186704 248.69421638216878 11.577069114894957 9.001534581329622 21.305783617831224
32.2 Agg webotsVehicle0 1.677826560357838 6.7 14.30528 0 WE 0 False 799.7128225634282 1124.6440726168007 827.4949897856992 1130.3353460164226 1 0 24.161756855063103 0.3010740182482861 14.099554405413103 350.9984654186704 248.69421638216878 11.577069114894957 9.001534581329622 21.305783617831224
32.25 Agg webotsVehicle0 1.9204732873227073 6.7 13.85824 0 WE 0 False 798.0009078593532 1125.8770451275805 827.2863973094964 1130.2539949507036 1 0 25.41340977790512 -0.2806757667138755 13.513564735106367 349.09867743755933 248.6942163821737 8.500390587910815 10.901322562440669 21.305783617826307
