EN SN 2 0 0 0
EN SW 2,3 0 0 0
EN WN 2 0 0 0
EW NE 8,9 7 12 10,11
EW NW 8 0 0 0
EW NS 8,9 7 12 10,11
EW SN 2,3 6 1 4,5
EW SW 2 0 1 4
EW WN 2,3 6 1 4,5
ES NE 8,15 7 18 10,17
ES NW 8,9 0 0 0
ES NS 8 7 0 10
ES SN 2,3 6 1 4,5
ES SW 2,9 12 1 4,11
ES WN 2,3,14,15 13,6 1,18 16,17,4,5
ES WE 14,15 13 18 16,17
ES WS 14 0 0 0
NE EW 9,8 12 7 10,11
NE ES 8,15 18 7 10,17
NE SE 22 0 0 0
NE SN 22,23 19 24 20,21
NE SW 22,23,8,9 19,12 24,7 20,21,10,11
NE WN 14,23 13 24 16,21
NE WE 14 13 0 16
NE WS 14,15 0 0 0
NW EW 8 0 0 0
NW ES 8,9 0 0 0
NW SW 8 0 0 0
NS EW 8,9 12 7 10,11
NS ES 8 0 7 10
NS SW 8,9 12 7 10,11
NS WN 14,15 13 18 16,17
NS WE 14,15 13 18 16,17
NS WS 14 0 0 0
SE NE 22 0 0 0
SE WN 22,23 0 0 0
SE WE 22 0 0 0
SN EN 2 0 0 0
SN EW 2,3 1 6 4,5
SN ES 2,3 1 6 4,5
SN NE 22,23 24 19 20,21
SN WN 22 0 19 20
SN WE 22,23 24 19 20,21
SW EN 2,3 0 0 0
SW EW 2 1 0 4
SW ES 2,9 1 12 4,11
SW NE 8,9,22,23 7,24 12,19 10,11,20,21
SW NW 8 0 0 0
SW NS 8,9 7 12 10,11
SW WN 22,3 6 19 20,5
SW WE 22,23 24 19 20,21
WN EN 2 0 0 0
WN EW 2,3 1 6 4,5
WN ES 2,3,14,15 1,18 6,13 4,5,16,17
WN SE 22,23 0 0 0
WN NE 14,23 24 13 16,21
WN NS 14,15 18 13 16,17
WN SN 22 19 0 20
WN SW 22,3 19 6 20,5
WE ES 14,15 18 13 16,17
WE NE 14 0 13 16
WE NS 14,15 18 13 16,17
WE SE 22 0 0 0
WE SN 22,23 19 24 20,21
WE SW 22,23 19 24 20,21
WS ES 14 0 0 0
WS NE 14,15 0 0 0
WS NS 14 0 0 0